000000000000 00000 110 10111 0010011
000000000001 10111 110 10111 0010011
0000000 10111 00000 001 01010 0100011
000000000000 00000 110 10111 0010011
00000000000000000000 10111 0110111
010000011000 10111 110 10111 0010011
0000000 10111 00000 010 01100 0100011
000000000000 00000 110 10111 0010011
000000000000 00000 110 10111 0010011
010000100100 10111 110 10111 0010011
0000000 10111 00000 010 10000 0100011
000000000000 00000 000 10111 1100111

01001000 01000101 01001100 01001100
01001111 00100000 01010111 01001111
01010010 01001100 01000100 00000000
